"sampleSize" "beta" "sigma" "rep" "id" "betaEst" "bias" "Rsquared" "error" "errorMessage"
100 0.5 0.5 4 1 0.447905388086176 0.0520946119138241 0.178208780551269 FALSE ""
100 0.5 1 2 2 0.373586144546055 0.126413855453945 0.165634857444335 FALSE ""
250 0.5 0.25 2 3 0.566271687527065 0.0662716875270648 0.219884485955902 FALSE ""
100 1 0.25 1 4 1.07505363646018 0.0750536364601768 0.500340141210393 FALSE ""
100 1 1 2 5 1.04094269222227 0.0409426922222664 0.558116501352701 FALSE ""
250 0.5 1 2 6 0.473489096337202 0.0265109036627982 0.190399733797443 FALSE ""
50 0 0.5 2 7 -0.000545908815747229 0.000545908815747229 3.25714562824531e-07 FALSE ""
250 1 0.25 3 8 0.936656776236466 0.0633432237635335 0.479844427407592 FALSE ""
250 0 0.25 4 9 -0.0134575425754512 0.0134575425754512 0.000186091305815756 FALSE ""
50 0.5 0.5 4 10 0.439875539070149 0.0601244609298514 0.138480370081288 FALSE ""
250 0 0.5 3 11 0.0103600586060092 0.0103600586060092 0.000116521833627752 FALSE ""
100 0 0.25 1 12 -0.120484490382685 0.120484490382685 0.0135177236914514 FALSE ""
50 1 1 3 13 1.06979028656844 0.069790286568445 0.493471662015417 FALSE ""
250 0.5 1 4 14 0.441371026494012 0.058628973505988 0.161067210543333 FALSE ""
50 1 1 5 15 0.841326069054471 0.158673930945529 0.388374079250065 FALSE ""
50 1 1 1 16 1.03104425338006 0.031044253380059 0.594349797008986 FALSE ""
50 1 0.5 4 17 0.978399833643111 0.021600166356889 0.531747406323529 FALSE ""
250 0 0.25 3 18 0.101752312226649 0.101752312226649 0.00936521861129355 FALSE ""
50 1 0.25 1 19 0.97609129703623 0.0239087029637702 0.429432118815838 FALSE ""
50 0.5 1 5 20 0.814679546406868 0.314679546406868 0.495788980816703 FALSE ""
250 0 1 1 21 -0.0786860907729958 0.0786860907729958 0.00675133801355527 FALSE ""
100 0 1 5 22 -0.0625734553849515 0.0625734553849515 0.00366943335660575 FALSE ""
100 0 1 2 23 -0.0899469512008703 0.0899469512008703 0.00843270068801386 FALSE ""
50 0.5 0.5 1 24 0.606742814171972 0.106742814171972 0.255730945395627 FALSE ""
250 0 0.25 1 25 0.0898153746028812 0.0898153746028812 0.00812389732238759 FALSE ""
250 0 1 2 26 0.0420126334305864 0.0420126334305864 0.00168304826192859 FALSE ""
250 0.5 0.5 2 27 0.490653826117382 0.00934617388261832 0.171177124906809 FALSE ""
250 0 0.5 1 28 -0.0995878026326105 0.0995878026326105 0.00915562084469136 FALSE ""
50 0.5 0.25 5 29 0.749638024564781 0.249638024564781 0.320293741939717 FALSE ""
250 1 0.25 5 30 0.975348065939066 0.0246519340609337 0.563652938626462 FALSE ""
50 0.5 1 4 31 0.32514401003703 0.17485598996297 0.117299939600848 FALSE ""
250 1 1 1 32 1.02344138504442 0.0234413850444155 0.561099980914862 FALSE ""
50 1 0.5 1 33 0.906089289706628 0.0939107102933717 0.444663024714972 FALSE ""
250 0.5 0.25 3 34 0.449635210284183 0.0503647897158169 0.199607166612556 FALSE ""
250 0 0.25 5 35 -0.100434563679999 0.100434563679999 0.0102825683070772 FALSE ""
100 0.5 1 4 36 0.522264135446787 0.0222641354467865 0.217322433604599 FALSE ""
250 1 0.5 4 37 1.00474855030677 0.00474855030676746 0.51450409043114 FALSE ""
250 1 0.25 1 38 1.01930729086604 0.0193072908660394 0.524078956064976 FALSE ""
100 1 0.5 1 39 1.0017584279199 0.00175842791989655 0.532791921163509 FALSE ""
100 0.5 0.25 2 40 0.567244495594323 0.0672444955943226 0.236842655115855 FALSE ""
100 1 1 3 41 1.04589238161744 0.0458923816174428 0.586582051449888 FALSE ""
250 1 0.25 2 42 0.981686204902016 0.0183137950979838 0.457562786485956 FALSE ""
250 0.5 0.25 1 43 0.539368821403364 0.0393688214033644 0.222588199165118 FALSE ""
100 0.5 0.5 3 44 0.561374970407196 0.0613749704071959 0.208857818319545 FALSE ""
50 0.5 1 3 45 0.557464985522467 0.0574649855224671 0.19812550478051 FALSE ""
50 1 0.25 3 46 0.948043267788986 0.0519567322110139 0.649996329752611 FALSE ""
50 0.5 0.5 3 47 0.426049995643132 0.073950004356868 0.148134994942399 FALSE ""
250 1 0.5 1 48 0.898200595549798 0.101799404450202 0.466429288858083 FALSE ""
50 1 0.5 3 49 1.04896724531431 0.0489672453143137 0.433708425347211 FALSE ""
250 0.5 1 5 50 0.43275947488291 0.0672405251170904 0.145659703350265 FALSE ""
50 0 1 2 51 0.0876122440702262 0.0876122440702262 0.00781166127433566 FALSE ""
50 0.5 1 2 52 0.399795056584178 0.100204943415822 0.125284998914354 FALSE ""
50 0 0.25 4 53 0.0583004621682911 0.0583004621682911 0.00300210412038488 FALSE ""
50 0 0.25 3 54 -0.0697890410545608 0.0697890410545608 0.00311798977020977 FALSE ""
100 0.5 0.5 1 55 0.613724458483887 0.113724458483887 0.281507579732329 FALSE ""
100 0 1 4 56 -0.0642980133475803 0.0642980133475803 0.00381016674011192 FALSE ""
250 0.5 0.5 5 57 0.552268411275474 0.0522684112754744 0.266469476160667 FALSE ""
100 0 0.5 5 58 -0.0257258592673385 0.0257258592673385 0.000641386142140961 FALSE ""
100 1 0.5 4 59 0.816069979523389 0.183930020476611 0.376397810023485 FALSE ""
250 0.5 0.25 5 60 0.508581436924128 0.00858143692412827 0.215979048879482 FALSE ""
250 0.5 1 1 61 0.570838203492938 0.0708382034929383 0.250592028488793 FALSE ""
50 0 0.25 1 62 -0.188237225405733 0.188237225405733 0.0318734187443072 FALSE ""
100 0 0.5 3 63 0.0477107312983461 0.0477107312983461 0.00237422262724509 FALSE ""
50 1 1 4 64 1.18756281354536 0.187562813545359 0.560415103600143 FALSE ""
100 1 1 1 65 0.79994626620763 0.20005373379237 0.344343460047297 FALSE ""
250 1 0.25 4 66 0.962873298516303 0.0371267014836967 0.494285194232305 FALSE ""
50 0 1 3 67 0.0752565269163775 0.0752565269163775 0.00493896381834817 FALSE ""
250 0 1 4 68 0.0757884564789808 0.0757884564789808 0.00540536571081695 FALSE ""
50 0.5 0.5 5 69 0.411356531173328 0.0886434688266725 0.0977004815731878 FALSE ""
50 0 0.5 5 70 0.0624193613423621 0.0624193613423621 0.00234142759962464 FALSE ""
250 0 1 5 71 -0.0889574384257938 0.0889574384257938 0.00702709495961513 FALSE ""
50 0 0.5 3 72 -0.0166841976532039 0.0166841976532039 0.000294962303618856 FALSE ""
100 0.5 1 5 73 0.513766605633369 0.0137666056333688 0.194367271831364 FALSE ""
100 0 1 1 74 -0.0627752801752037 0.0627752801752037 0.00347940680895542 FALSE ""
100 1 0.5 5 75 1.03922840735485 0.0392284073548459 0.46151355761422 FALSE ""
50 0.5 0.25 3 76 0.697037699885649 0.197037699885649 0.348027899473344 FALSE ""
250 0 0.25 2 77 0.0385806330509705 0.0385806330509705 0.00136484495078914 FALSE ""
100 0.5 1 1 78 0.476688969533844 0.0233110304661558 0.210492124720554 FALSE ""
50 0 0.5 1 79 -0.0771278228061461 0.0771278228061461 0.00765040295294154 FALSE ""
50 1 0.5 5 80 1.13179364867154 0.131793648671543 0.586281612749758 FALSE ""
250 0 1 3 81 0.0208429732825252 0.0208429732825252 0.00042975369894559 FALSE ""
100 1 1 4 82 0.926631018647199 0.0733689813528009 0.380424969407908 FALSE ""
100 0 0.25 3 83 -0.181128334456852 0.181128334456852 0.0482884857222784 FALSE ""
100 1 0.25 2 84 0.917139089940971 0.082860910059029 0.396908290752204 FALSE ""
250 0.5 0.25 4 85 0.510108755980235 0.010108755980235 0.210701782662408 FALSE ""
50 0.5 0.25 2 86 0.353544471271607 0.146455528728393 0.0598010697513705 FALSE ""
100 0 0.25 2 87 -0.236154918876272 0.236154918876272 0.0534375104374505 FALSE ""
50 0.5 0.25 4 88 0.391115068187795 0.108884931812205 0.139983462286851 FALSE ""
100 1 1 5 89 0.956521168516502 0.0434788314834975 0.389693025628712 FALSE ""
250 1 0.5 3 90 0.97265119380382 0.0273488061961803 0.491322898992535 FALSE ""
100 0 0.5 1 91 -0.21942386710564 0.21942386710564 0.0430993315788753 FALSE ""
250 0.5 0.5 1 92 0.588369923673417 0.0883699236734172 0.231237556453447 FALSE ""
250 0.5 0.5 3 93 0.41621516027844 0.0837848397215601 0.167623735731686 FALSE ""
100 0 0.5 4 94 0.00383534315209432 0.00383534315209432 1.46902319315278e-05 FALSE ""
50 1 0.5 2 95 0.960535893719938 0.0394641062800616 0.458329746492647 FALSE ""
50 0 0.25 2 96 0.184800597017042 0.184800597017042 0.021512532406942 FALSE ""
50 0.5 1 1 97 0.689097066113634 0.189097066113634 0.216327822472753 FALSE ""
50 1 1 2 98 1.0281347975219 0.0281347975218977 0.421737340468234 FALSE ""
50 0 0.25 5 99 -0.0290256581995915 0.0290256581995915 0.000874091031635513 FALSE ""
50 1 0.25 5 100 1.06026790462757 0.0602679046275705 0.57809771776059 FALSE ""
100 1 0.25 3 101 1.01698634910228 0.0169863491022832 0.435857839610981 FALSE ""
250 1 1 2 102 0.932313032202231 0.0676869677977691 0.440615929582238 FALSE ""
100 0.5 0.25 5 103 0.55187324337442 0.0518732433744203 0.260897268441064 FALSE ""
250 1 1 5 104 0.92938715582933 0.0706128441706703 0.427831302721777 FALSE ""
250 1 0.5 5 105 1.05557192084765 0.0555719208476471 0.565543791090319 FALSE ""
250 0 0.5 5 106 -0.0911238866772969 0.0911238866772969 0.0105980344296379 FALSE ""
250 0 0.5 2 107 -0.0113647521452377 0.0113647521452377 0.00012048534380088 FALSE ""
50 1 0.25 4 108 0.996080962491679 0.00391903750832068 0.488605661598577 FALSE ""
250 0 0.5 4 109 0.0377415888713413 0.0377415888713413 0.001560285083292 FALSE ""
100 1 0.5 2 110 0.849265583204244 0.150734416795756 0.384890026715027 FALSE ""
100 0.5 0.25 3 111 0.455487318680845 0.0445126813191554 0.17040166138816 FALSE ""
100 0.5 0.25 1 112 0.427778998511111 0.0722210014888894 0.177917160257733 FALSE ""
50 0 1 1 113 -0.021758378517166 0.021758378517166 0.000951679167840355 FALSE ""
100 0 0.25 5 114 -0.0378105745525261 0.0378105745525261 0.00214792219382336 FALSE ""
250 1 1 3 115 1.06062330333658 0.0606233033365822 0.608054133850615 FALSE ""
100 0.5 0.5 5 116 0.559338077809001 0.0593380778090012 0.29836941055291 FALSE ""
100 1 0.25 5 117 1.01414798363524 0.0141479836352447 0.498857733775224 FALSE ""
250 1 1 4 118 1.0254709464592 0.0254709464592049 0.508690724741445 FALSE ""
50 0.5 0.5 2 119 0.33961546172014 0.16038453827986 0.152623803187586 FALSE ""
50 0.5 0.25 1 120 0.359908731048302 0.140091268951698 0.106314342411216 FALSE ""
100 0 1 3 121 -0.106357877509684 0.106357877509684 0.00985330042563609 FALSE ""
100 1 0.5 3 122 0.860950134591425 0.139049865408575 0.443736934612678 FALSE ""
100 0 0.25 4 123 0.0186074102020621 0.0186074102020621 0.000371971079290242 FALSE ""
50 0 1 5 124 0.20525066804194 0.20525066804194 0.0475572359963153 FALSE ""
100 0.5 0.5 2 125 0.503835369130899 0.00383536913089921 0.198646150776714 FALSE ""
250 0.5 0.5 4 126 0.484445496670654 0.015554503329346 0.230338728594809 FALSE ""
100 0.5 1 3 127 0.627498941186981 0.127498941186981 0.251499584616266 FALSE ""
100 1 0.25 4 128 0.96042728986921 0.0395727101307904 0.488603410298641 FALSE ""
100 0.5 0.25 4 129 0.702034048977573 0.202034048977573 0.285152686712564 FALSE ""
50 0 1 4 130 0.364968359897423 0.364968359897423 0.106817411669312 FALSE ""
250 1 0.5 2 131 1.03614684530827 0.0361468453082696 0.526933547132625 FALSE ""
50 1 0.25 2 132 0.756787409576875 0.243212590423125 0.368445803154151 FALSE ""
250 0.5 1 3 133 0.503948952617017 0.00394895261701655 0.164741464055497 FALSE ""
100 0 0.5 2 134 0.116153951402078 0.116153951402078 0.015857056638852 FALSE ""
50 0 0.5 4 135 -0.164028985207027 0.164028985207027 0.023395596697228 FALSE ""
