"sampleSize" "beta" "sigma" "rep" "id" "betaEst" "bias" "Rsquared" "error" "errorMessage"
250 0 1 2 1 -0.109050189425225 0.109050189425225 0.00895035746136825 FALSE ""
50 0 1 5 2 0.0725823618368649 0.0725823618368649 0.0050942921196012 FALSE ""
100 1 1 5 3 0.919508998310392 0.0804910016896079 0.407834224572839 FALSE ""
100 1 0.5 3 4 0.925370180185957 0.0746298198140432 0.444410783646986 FALSE ""
50 0 0.5 2 5 0.0754894791284138 0.0754894791284138 0.0100879878632665 FALSE ""
100 0 0.25 5 6 0.00725832548910316 0.00725832548910316 5.66781543515081e-05 FALSE ""
100 0.5 0.25 5 7 0.690762039424879 0.190762039424879 0.311037075967849 FALSE ""
50 0.5 0.5 5 8 0.5838110695275 0.0838110695275001 0.234133189353752 FALSE ""
50 0.5 0.5 4 9 0.483818667639576 0.0161813323604237 0.3573999220618 FALSE ""
250 0.5 1 5 10 0.582731814737429 0.0827318147374291 0.225022207603316 FALSE ""
100 1 0.5 5 11 1.0270710498222 0.027071049822204 0.536410921563926 FALSE ""
250 0 0.25 3 12 0.0955654185974271 0.0955654185974271 0.00866297466544554 FALSE ""
50 1 0.25 1 13 0.847639533646923 0.152360466353077 0.527604616178181 FALSE ""
50 0 1 1 14 -0.0780439784868519 0.0780439784868519 0.00774506772678644 FALSE ""
50 0.5 0.25 5 15 0.45539446741165 0.0446055325883498 0.164149987436089 FALSE ""
100 0 1 5 16 0.148827685100822 0.148827685100822 0.0216495702753716 FALSE ""
50 1 0.25 3 17 0.91179689963013 0.08820310036987 0.598808157467077 FALSE ""
100 0.5 1 4 18 0.654977221228407 0.154977221228407 0.295912601201977 FALSE ""
100 0 0.5 2 19 -0.127234848654198 0.127234848654198 0.0184272173694288 FALSE ""
100 0 0.25 1 20 -0.102188488068381 0.102188488068381 0.00889882767434863 FALSE ""
100 1 0.5 1 21 1.01959353182181 0.0195935318218119 0.509497466704861 FALSE ""
50 0 1 3 22 -0.187856954262165 0.187856954262165 0.0315721656664347 FALSE ""
100 0 0.5 3 23 0.181932858711728 0.181932858711728 0.0410872313266154 FALSE ""
100 0 1 2 24 -0.0112629988494197 0.0112629988494197 0.000106292722450911 FALSE ""
50 1 0.5 4 25 0.810544323947836 0.189455676052164 0.454814154987314 FALSE ""
100 0.5 1 5 26 0.405879637565247 0.094120362434753 0.103235921321617 FALSE ""
250 0 0.25 5 27 0.0183501759948714 0.0183501759948714 0.00034987916711032 FALSE ""
100 0.5 0.25 1 28 0.568756220340246 0.0687562203402462 0.224630779425556 FALSE ""
50 0 0.5 3 29 0.135077638730704 0.135077638730704 0.0236721132650591 FALSE ""
250 0 0.25 2 30 -0.0874640127442702 0.0874640127442702 0.00605763184473206 FALSE ""
100 0.5 0.25 3 31 0.494827667939213 0.00517233206078682 0.209521100532323 FALSE ""
100 1 0.25 2 32 1.02736838681986 0.02736838681986 0.601799669403033 FALSE ""
50 0 0.25 5 33 -0.138548425673842 0.138548425673842 0.0208701661816453 FALSE ""
50 0.5 1 3 34 0.753473729843073 0.253473729843073 0.318180555267925 FALSE ""
50 0.5 0.25 4 35 0.463752913169265 0.0362470868307351 0.212174563527066 FALSE ""
100 0 0.5 1 36 0.0304664293767955 0.0304664293767955 0.00105590293170623 FALSE ""
100 1 0.5 4 37 0.97463532658716 0.02536467341284 0.487446478368603 FALSE ""
250 0 0.5 5 38 -0.00876676018627409 0.00876676018627409 8.54262500846746e-05 FALSE ""
250 0 1 3 39 -0.117652689889308 0.117652689889308 0.0102037250351176 FALSE ""
50 0.5 0.5 3 40 0.316707188905126 0.183292811094874 0.0748784901261574 FALSE ""
100 1 0.25 5 41 0.959752882403091 0.0402471175969087 0.473663541287865 FALSE ""
100 0 0.25 2 42 -0.00515686494537141 0.00515686494537141 2.2323181197004e-05 FALSE ""
100 0 0.5 4 43 -0.163529853175127 0.163529853175127 0.0303447336657777 FALSE ""
100 1 1 2 44 1.08819800135733 0.088198001357332 0.538499172253339 FALSE ""
250 1 0.25 2 45 1.01163260399327 0.0116326039932739 0.481832658158414 FALSE ""
50 1 0.5 5 46 1.10843277379294 0.108432773792944 0.621092055975805 FALSE ""
250 0.5 0.25 1 47 0.558722838048562 0.058722838048562 0.234491811410255 FALSE ""
250 0.5 0.25 3 48 0.507155453418987 0.00715545341898727 0.213362886574915 FALSE ""
250 0 0.25 1 49 -0.0312446284263572 0.0312446284263572 0.00089546723882369 FALSE ""
100 0.5 1 3 50 0.415634986659698 0.0843650133403017 0.142624257625897 FALSE ""
50 1 1 2 51 0.83434969437986 0.16565030562014 0.53037981058168 FALSE ""
250 1 1 3 52 1.07314390991743 0.073143909917426 0.541003261602991 FALSE ""
100 0 0.25 4 53 -0.0308343186288396 0.0308343186288396 0.00106238991402814 FALSE ""
100 0.5 0.5 5 54 0.443018860154542 0.0569811398454579 0.158558599659083 FALSE ""
250 0.5 1 4 55 0.530852612603758 0.0308526126037583 0.188201005854083 FALSE ""
100 0.5 0.5 4 56 0.485992414616003 0.0140075853839965 0.216069540283709 FALSE ""
250 0.5 0.5 5 57 0.471245236405241 0.0287547635947594 0.174594766747895 FALSE ""
50 0 0.25 1 58 -0.140938411930993 0.140938411930993 0.0147110210174316 FALSE ""
100 0 1 4 59 0.241474557455424 0.241474557455424 0.0682252837839199 FALSE ""
250 0 0.5 4 60 0.0440498606816029 0.0440498606816029 0.00183784340241864 FALSE ""
100 1 0.5 2 61 1.18968050539387 0.189680505393874 0.567209156689413 FALSE ""
50 1 0.25 2 62 1.23219926924054 0.23219926924054 0.474145705069725 FALSE ""
100 0.5 1 2 63 0.500527208805918 0.0005272088059185 0.219700474765537 FALSE ""
250 0 1 5 64 0.0779494121494709 0.0779494121494709 0.00653675865599124 FALSE ""
250 0.5 0.25 5 65 0.448008505383193 0.051991494616807 0.166456002672129 FALSE ""
50 0.5 1 5 66 0.45650589869299 0.0434941013070096 0.182344706456159 FALSE ""
100 0.5 0.25 4 67 0.418261104277881 0.0817388957221195 0.12613304416485 FALSE ""
250 1 0.25 1 68 0.936696629257472 0.0633033707425279 0.504954244278675 FALSE ""
250 0 0.5 2 69 0.0519763282377107 0.0519763282377107 0.0029904461641783 FALSE ""
250 1 0.5 2 70 1.13361470576338 0.133614705763383 0.575886923926877 FALSE ""
50 1 0.25 4 71 0.977880297836801 0.022119702163199 0.450118315835589 FALSE ""
50 0.5 0.25 2 72 0.570076864035285 0.0700768640352847 0.198214032032118 FALSE ""
50 0 0.5 4 73 0.178860959591866 0.178860959591866 0.0299544821583948 FALSE ""
100 0.5 0.25 2 74 0.681104159019637 0.181104159019637 0.233745976157834 FALSE ""
100 1 1 3 75 1.01844242846313 0.018442428463133 0.480508849611202 FALSE ""
50 0.5 0.5 2 76 0.168090104228701 0.331909895771299 0.0231129003340299 FALSE ""
50 0.5 0.5 1 77 0.300130707593834 0.199869292406166 0.0997988653286651 FALSE ""
250 1 1 1 78 0.991105966672032 0.00889403332796834 0.526116607830834 FALSE ""
100 1 0.25 1 79 1.0482974804286 0.0482974804286038 0.430468313201386 FALSE ""
50 0 0.5 1 80 -0.163270493128201 0.163270493128201 0.0250065789105836 FALSE ""
250 0 0.25 4 81 0.0768363660794585 0.0768363660794585 0.00685787947844733 FALSE ""
50 1 0.5 1 82 1.08300371831223 0.0830037183122325 0.604501739447791 FALSE ""
250 0 1 4 83 -0.000373595894658434 0.000373595894658434 1.58598436967378e-07 FALSE ""
50 1 0.5 2 84 1.06224356262185 0.0622435626218529 0.490425597293324 FALSE ""
250 1 1 4 85 0.962549220559963 0.0374507794400366 0.499306020281502 FALSE ""
250 0.5 0.25 2 86 0.396935367992987 0.103064632007013 0.158868860946586 FALSE ""
100 0 0.25 3 87 -0.0198971257025726 0.0198971257025726 0.00038762422174851 FALSE ""
50 0.5 1 2 88 0.491068712172588 0.00893128782741215 0.151517554277685 FALSE ""
250 0 0.5 3 89 0.00422413578209899 0.00422413578209899 1.66221337502308e-05 FALSE ""
100 0 1 1 90 -0.122727528299953 0.122727528299953 0.0168925238193997 FALSE ""
100 0.5 1 1 91 0.540215929582008 0.0402159295820081 0.184974008011165 FALSE ""
250 1 0.25 5 92 1.00497711688049 0.00497711688049418 0.532692931758924 FALSE ""
50 1 0.5 3 93 1.16615649857233 0.166156498572333 0.565626312203974 FALSE ""
50 0 1 2 94 -0.0863430596888336 0.0863430596888336 0.012229762370976 FALSE ""
100 0.5 0.5 3 95 0.535417090978017 0.0354170909780172 0.206098059519673 FALSE ""
250 0.5 1 3 96 0.487774745800897 0.0122252541991026 0.221203917707702 FALSE ""
250 0.5 0.5 2 97 0.503151109140208 0.00315110914020811 0.229330343060199 FALSE ""
50 0.5 0.25 3 98 0.720279371602783 0.220279371602783 0.441617061311149 FALSE ""
100 1 1 1 99 0.893966978703819 0.106033021296181 0.422807723052574 FALSE ""
50 0 0.25 2 100 -0.0440794776732496 0.0440794776732496 0.00274654667762954 FALSE ""
250 1 0.5 1 101 0.978055535069773 0.0219444649302267 0.497657902731798 FALSE ""
100 0.5 0.5 1 102 0.374353337858583 0.125646662141417 0.11807875604845 FALSE ""
250 0.5 0.5 1 103 0.484051180938299 0.015948819061701 0.196596455096749 FALSE ""
250 0.5 0.5 4 104 0.515030905451263 0.0150309054512628 0.200484466659755 FALSE ""
50 0.5 1 4 105 0.601605376440968 0.101605376440968 0.269707663407587 FALSE ""
50 0.5 0.25 1 106 0.309389223759474 0.190610776240526 0.0639638242037762 FALSE ""
50 1 1 3 107 0.905486455057476 0.0945135449425236 0.350039166920823 FALSE ""
50 1 1 5 108 0.853070030263553 0.146929969736447 0.396108822772186 FALSE ""
250 1 1 5 109 1.0109823723577 0.0109823723576994 0.545398940399525 FALSE ""
50 0 1 4 110 0.039855155037567 0.039855155037567 0.00129952847416333 FALSE ""
50 0 0.25 3 111 -0.0398998924720334 0.0398998924720334 0.00243073394122173 FALSE ""
250 0 0.5 1 112 0.0673095668176198 0.0673095668176198 0.00403661767202955 FALSE ""
100 0 0.5 5 113 0.0205681159878581 0.0205681159878581 0.000383423696435264 FALSE ""
50 0 0.25 4 114 -0.138214581807166 0.138214581807166 0.0237984079928903 FALSE ""
250 1 0.5 4 115 1.0621037148896 0.0621037148895975 0.571487324317778 FALSE ""
50 1 0.25 5 116 0.830292283836984 0.169707716163016 0.488402113254658 FALSE ""
250 1 0.5 5 117 0.960584879191948 0.0394151208080517 0.449777878082924 FALSE ""
100 1 0.25 3 118 0.990783907314766 0.00921609268523405 0.522568631391103 FALSE ""
100 0.5 0.5 2 119 0.178548893561562 0.321451106438438 0.0446261922324326 FALSE ""
250 0.5 1 1 120 0.464047177501584 0.0359528224984161 0.199861184840131 FALSE ""
100 1 1 4 121 1.10841207919173 0.108412079191732 0.534096373966617 FALSE ""
250 0.5 0.25 4 122 0.602259016481891 0.102259016481891 0.328687085046975 FALSE ""
250 1 0.5 3 123 1.02764459262502 0.0276445926250177 0.496796553039696 FALSE ""
250 0 1 1 124 -0.106876030705274 0.106876030705274 0.0137403186299527 FALSE ""
50 0.5 1 1 125 0.765183732788926 0.265183732788926 0.329782135165918 FALSE ""
100 0 1 3 126 0.112998862818329 0.112998862818329 0.0145456746537729 FALSE ""
250 1 0.25 3 127 1.00385546173892 0.00385546173891704 0.509330250936793 FALSE ""
50 0 0.5 5 128 0.445594233762759 0.445594233762759 0.154115760689285 FALSE ""
50 1 1 4 129 1.29052714988666 0.290527149886659 0.596353385314364 FALSE ""
100 1 0.25 4 130 1.07487014507202 0.0748701450720159 0.55334943999722 FALSE ""
250 1 0.25 4 131 1.10665222470886 0.106652224708861 0.608990977743783 FALSE ""
250 1 1 2 132 0.973235362851401 0.026764637148599 0.446003131252561 FALSE ""
250 0.5 0.5 3 133 0.568780797073058 0.0687807970730577 0.213150348452275 FALSE ""
50 1 1 1 134 0.903082271201239 0.096917728798761 0.396624093277269 FALSE ""
250 0.5 1 2 135 0.466940664543531 0.0330593354564687 0.158810063133574 FALSE ""
