"sampleSize" "beta" "sigma" "rep" "id" "betaEst" "bias" "Rsquared" "error" "errorMessage"
100 1 0.5 5 1 0.830337607607004 0.169662392392996 0.402626164547257 FALSE ""
50 0.5 0.5 1 2 0.551968789022119 0.0519687890221191 0.29414374523563 FALSE ""
50 1 0.5 4 3 1.04680086917289 0.0468008691728914 0.581486764807327 FALSE ""
100 0.5 0.25 2 4 0.58089435057567 0.0808943505756698 0.22549640637243 FALSE ""
250 1 0.5 2 5 1.01059674918945 0.0105967491894545 0.547275812661507 FALSE ""
250 0 0.5 3 6 0.0948861686926979 0.0948861686926979 0.00915980228012677 FALSE ""
50 1 1 4 7 0.966292269893812 0.0337077301061876 0.36095122654067 FALSE ""
50 0 0.5 3 8 0.129640386922025 0.129640386922025 0.0131358158162637 FALSE ""
250 0 0.5 4 9 0.0107774524896664 0.0107774524896664 0.000100918694557675 FALSE ""
100 0 0.5 3 10 -0.063123259760403 0.063123259760403 0.0043070937251652 FALSE ""
100 0 0.5 4 11 0.0505023259637192 0.0505023259637192 0.00353184933723732 FALSE ""
250 0.5 0.25 5 12 0.428394426530139 0.071605573469861 0.156850247073099 FALSE ""
100 0 0.25 5 13 -0.0266548712105158 0.0266548712105158 0.000577963243274581 FALSE ""
50 0 0.25 1 14 0.0763131577675719 0.0763131577675719 0.00430246705683831 FALSE ""
100 0.5 0.5 2 15 0.699666232623301 0.199666232623301 0.313735557406792 FALSE ""
50 0.5 1 3 16 0.48348440317002 0.0165155968299802 0.320444515329681 FALSE ""
250 0 0.5 2 17 0.0382656015025918 0.0382656015025918 0.00163151701394441 FALSE ""
100 1 1 5 18 0.917145164254228 0.0828548357457721 0.387479822899381 FALSE ""
100 0.5 1 5 19 0.368577849734615 0.131422150265385 0.110350841635212 FALSE ""
100 0 1 4 20 0.0503783223554328 0.0503783223554328 0.00215110918692452 FALSE ""
50 0.5 0.25 1 21 0.481928352140158 0.0180716478598423 0.173808852998601 FALSE ""
250 0.5 1 1 22 0.560428954452539 0.0604289544525395 0.251858865665811 FALSE ""
250 0.5 0.5 3 23 0.366096852872587 0.133903147127413 0.144011391799329 FALSE ""
250 0 1 1 24 0.129847023199989 0.129847023199989 0.0157393421887271 FALSE ""
250 0 0.25 5 25 0.216833588953653 0.216833588953653 0.0461440204088748 FALSE ""
250 1 0.25 2 26 1.01065099514412 0.0106509951441158 0.472493708713135 FALSE ""
100 1 0.5 1 27 0.860190648115274 0.139809351884726 0.37713729663489 FALSE ""
100 0 1 1 28 0.00966198228587247 0.00966198228587247 0.000103355894655421 FALSE ""
250 1 0.25 5 29 0.982940984314075 0.0170590156859246 0.470778475794675 FALSE ""
50 1 0.25 3 30 1.04755126118804 0.0475512611880398 0.611807064291349 FALSE ""
250 1 0.25 4 31 1.01349822703405 0.0134982270340545 0.535519233235704 FALSE ""
100 0 1 3 32 -0.199171184984628 0.199171184984628 0.0450157226709719 FALSE ""
50 0.5 0.5 2 33 0.415843302462534 0.0841566975374656 0.101631811585225 FALSE ""
100 1 0.5 4 34 1.03762201613059 0.0376220161305922 0.556465520714573 FALSE ""
50 1 0.25 1 35 1.22796204637591 0.227962046375907 0.71437155264698 FALSE ""
250 1 0.5 4 36 1.06951955276258 0.0695195527625823 0.483007661988106 FALSE ""
100 0 1 5 37 0.0507241768668131 0.0507241768668131 0.00298942047240903 FALSE ""
250 0 0.25 2 38 -0.0198227371127355 0.0198227371127355 0.000378485862677233 FALSE ""
250 1 1 5 39 0.99346753926048 0.00653246073952007 0.524580174478279 FALSE ""
100 0.5 0.25 5 40 0.433110489013401 0.0668895109865991 0.116575777852194 FALSE ""
100 1 1 3 41 0.96642002810131 0.0335799718986896 0.435461888842388 FALSE ""
250 0.5 1 5 42 0.486586093764205 0.0134139062357952 0.192489342928942 FALSE ""
250 0.5 0.5 5 43 0.555724189433322 0.0557241894333225 0.244176217549181 FALSE ""
50 0.5 0.25 5 44 0.471673983464817 0.0283260165351833 0.146804511268288 FALSE ""
250 0.5 0.5 4 45 0.494803500048575 0.00519649995142463 0.186665639791835 FALSE ""
100 0 1 2 46 0.0243632443306859 0.0243632443306859 0.000423425809524225 FALSE ""
50 0 1 3 47 -0.327757344293095 0.327757344293095 0.122599257429113 FALSE ""
100 0.5 0.25 1 48 0.612489922196343 0.112489922196343 0.276320346284446 FALSE ""
100 1 0.5 2 49 1.00259725867898 0.0025972586789782 0.433408777006112 FALSE ""
250 0.5 1 2 50 0.528204836775024 0.0282048367750244 0.20000703824289 FALSE ""
100 0.5 0.5 1 51 0.698804266833876 0.198804266833876 0.345621746931882 FALSE ""
250 1 0.25 3 52 0.858977235224326 0.141022764775674 0.46446896753625 FALSE ""
50 1 0.5 1 53 1.20967064078322 0.209670640783223 0.725749152766246 FALSE ""
100 0 0.25 3 54 0.0181061991079191 0.0181061991079191 0.000232783310882062 FALSE ""
250 0 1 4 55 0.0632389010154474 0.0632389010154474 0.003724705821208 FALSE ""
100 1 0.5 3 56 1.07589321927444 0.0758932192744388 0.522917792309058 FALSE ""
250 0.5 0.25 4 57 0.518787360523443 0.0187873605234428 0.21682140276 FALSE ""
250 0 0.25 3 58 -0.0568702032140764 0.0568702032140764 0.00247420513680209 FALSE ""
100 0.5 0.25 3 59 0.364458811558427 0.135541188441573 0.0865277112908629 FALSE ""
50 0 0.5 5 60 0.0763758983190993 0.0763758983190993 0.00374712887136896 FALSE ""
100 0 0.25 2 61 -0.0130079857646006 0.0130079857646006 0.000174301042230895 FALSE ""
50 1 0.25 5 62 1.05401025282249 0.0540102528224899 0.516648093726375 FALSE ""
100 0 0.5 1 63 0.00237677080293384 0.00237677080293384 8.49531108945909e-06 FALSE ""
250 0 0.5 1 64 0.0559939665937535 0.0559939665937535 0.00330558500622267 FALSE ""
100 1 0.25 5 65 1.10799963061578 0.10799963061578 0.529705813590657 FALSE ""
250 0 1 3 66 0.0460994383605337 0.0460994383605337 0.00201319697753166 FALSE ""
50 0 1 5 67 0.145979260733324 0.145979260733324 0.0192748047986179 FALSE ""
250 1 0.5 5 68 1.00646429942354 0.00646429942353643 0.515993852011683 FALSE ""
50 0.5 0.5 3 69 0.723547421400946 0.223547421400946 0.285270604626895 FALSE ""
50 0 0.25 4 70 0.163647590037849 0.163647590037849 0.0368251213621429 FALSE ""
250 1 0.5 3 71 1.03527190170079 0.0352719017007943 0.523660107072381 FALSE ""
50 0 0.5 2 72 -0.0517464768961061 0.0517464768961061 0.00254637927191586 FALSE ""
100 0.5 1 4 73 0.476390393030651 0.0236096069693492 0.121516276806217 FALSE ""
250 0.5 0.25 2 74 0.488568770134603 0.0114312298653971 0.17390547429975 FALSE ""
50 1 0.5 3 75 0.89858343887509 0.10141656112491 0.451904329425891 FALSE ""
100 0.5 0.5 4 76 0.558166530477601 0.0581665304776009 0.243519638797442 FALSE ""
50 0.5 1 5 77 0.35487740585673 0.14512259414327 0.145263087003553 FALSE ""
250 0 0.25 4 78 0.0234474806002292 0.0234474806002292 0.000467624395694558 FALSE ""
100 0.5 0.5 3 79 0.453760464424754 0.0462395355752463 0.143637117855987 FALSE ""
50 0.5 0.5 5 80 0.407435555856824 0.0925644441431757 0.14533202644498 FALSE ""
50 1 0.5 5 81 0.897453163434561 0.102546836565439 0.435868098206412 FALSE ""
250 0 1 2 82 0.0610756382479989 0.0610756382479989 0.00368322377956804 FALSE ""
50 0 1 2 83 0.0591235936565798 0.0591235936565798 0.00311916028268478 FALSE ""
100 0 0.25 1 84 -0.0770170460040093 0.0770170460040093 0.00474543083945684 FALSE ""
50 0 0.25 3 85 0.140252270839644 0.140252270839644 0.0172970098170276 FALSE ""
250 1 1 4 86 0.994983905681453 0.00501609431854722 0.533343766517904 FALSE ""
50 0 1 4 87 -0.133115854811577 0.133115854811577 0.0212313030553424 FALSE ""
50 0 0.25 2 88 -0.00574619337623664 0.00574619337623664 5.3467234850749e-05 FALSE ""
250 1 0.25 1 89 1.00860179461816 0.00860179461816046 0.504945144138694 FALSE ""
50 0.5 1 4 90 0.496166894151848 0.00383310584815183 0.245308446480724 FALSE ""
50 1 1 5 91 0.982035982036817 0.0179640179631828 0.460922745915149 FALSE ""
50 1 0.25 4 92 1.0255134259204 0.025513425920396 0.379381541874849 FALSE ""
250 0 0.5 5 93 0.00672313501692424 0.00672313501692424 4.2856960120276e-05 FALSE ""
50 1 0.25 2 94 0.88102079077459 0.11897920922541 0.48816431060826 FALSE ""
50 0.5 0.25 3 95 0.558562893752294 0.0585628937522935 0.214780765720137 FALSE ""
50 0 0.5 1 96 -0.0277266381327555 0.0277266381327555 0.000549362179883855 FALSE ""
250 1 0.5 1 97 0.986869950261856 0.0131300497381437 0.487190782559542 FALSE ""
50 0 0.5 4 98 -0.0307153513501225 0.0307153513501225 0.00127029436434928 FALSE ""
250 1 1 2 99 1.08583629299719 0.0858362929971948 0.539779042588719 FALSE ""
250 0.5 0.5 1 100 0.618008917684142 0.118008917684142 0.315331771135944 FALSE ""
100 1 1 4 101 1.11322450536866 0.113224505368663 0.563495922347368 FALSE ""
100 1 1 2 102 1.03887953608252 0.0388795360825152 0.538911860609186 FALSE ""
50 0.5 0.25 4 103 0.662648975435603 0.162648975435603 0.330407967427499 FALSE ""
100 0.5 1 3 104 0.500304968508794 0.000304968508794468 0.199202021325819 FALSE ""
250 1 1 3 105 1.18930864210672 0.189308642106722 0.569022017793472 FALSE ""
100 1 0.25 1 106 0.950148719225712 0.0498512807742882 0.419574140205088 FALSE ""
50 1 1 2 107 1.00652443718933 0.0065244371893276 0.481079912540576 FALSE ""
250 0.5 0.25 3 108 0.522621743927964 0.0226217439279636 0.220306532037262 FALSE ""
100 0.5 0.5 5 109 0.473661366321962 0.026338633678038 0.20471480190344 FALSE ""
250 1 1 1 110 0.986445811873732 0.0135541881262679 0.460430348496745 FALSE ""
50 1 1 1 111 1.11255306926873 0.112553069268733 0.639865770771015 FALSE ""
50 0.5 1 2 112 0.177922642625601 0.322077357374399 0.0212723209966946 FALSE ""
50 0 1 1 113 0.0833596042101234 0.0833596042101234 0.0094777994845158 FALSE ""
50 0 0.25 5 114 0.424085230143684 0.424085230143684 0.142758557988161 FALSE ""
50 0.5 1 1 115 0.410837795711384 0.0891622042886161 0.115116909911649 FALSE ""
100 1 1 1 116 1.11644698356682 0.11644698356682 0.56680522677984 FALSE ""
100 0.5 1 1 117 0.418475996515904 0.0815240034840962 0.123882437031999 FALSE ""
100 0.5 1 2 118 0.576300184508904 0.0763001845089044 0.260038196679759 FALSE ""
250 0.5 1 3 119 0.488597845526677 0.0114021544733234 0.191489703808652 FALSE ""
100 0 0.25 4 120 0.000908997116436629 0.000908997116436629 8.58366390333373e-07 FALSE ""
100 0 0.5 2 121 -0.0719067131042274 0.0719067131042274 0.00716472419576957 FALSE ""
50 0.5 0.25 2 122 0.6095520245357 0.1095520245357 0.274285351142421 FALSE ""
250 0.5 0.25 1 123 0.523678702064434 0.0236787020644341 0.197444623490858 FALSE ""
100 1 0.25 4 124 0.92975428131918 0.0702457186808195 0.436149024336982 FALSE ""
100 0.5 0.25 4 125 0.523887449682001 0.0238874496820008 0.221150474725163 FALSE ""
250 0.5 0.5 2 126 0.613253790766195 0.113253790766195 0.273364749423722 FALSE ""
50 0.5 0.5 4 127 0.454787012022533 0.0452129879774669 0.269363136361638 FALSE ""
100 1 0.25 2 128 0.920220554639928 0.0797794453600716 0.363915297798631 FALSE ""
100 0 0.5 5 129 0.15971632254054 0.15971632254054 0.0300792127214287 FALSE ""
100 1 0.25 3 130 0.957797642334765 0.0422023576652349 0.498566486462268 FALSE ""
250 0.5 1 4 131 0.503777767676771 0.00377776767677107 0.210079577523261 FALSE ""
50 1 0.5 2 132 1.22320739518846 0.223207395188462 0.518610915585277 FALSE ""
250 0 0.25 1 133 -0.0479973140016719 0.0479973140016719 0.00238893160829152 FALSE ""
50 1 1 3 134 1.16707776737558 0.167077767375576 0.669224992653153 FALSE ""
250 0 1 5 135 -0.00386508958444886 0.00386508958444886 1.49903449520642e-05 FALSE ""
