"sampleSize" "beta" "sigma" "rep" "id" "betaEst" "bias" "Rsquared" "error" "errorMessage"
100 1 0.5 1 1 0.988874909898679 0.0111250901013207 0.50095422814402 FALSE ""
50 0 1 5 2 -0.0445620700664926 0.0445620700664926 0.00162358294463804 FALSE ""
250 0.5 1 5 3 0.484395539103051 0.0156044608969487 0.221901455831603 FALSE ""
100 0 0.5 4 4 -0.0322397451480254 0.0322397451480254 0.00127387764597118 FALSE ""
100 0.5 0.25 3 5 0.544176304570397 0.0441763045703969 0.267736098716779 FALSE ""
250 0 0.25 3 6 -0.10048651509635 0.10048651509635 0.0102652896201629 FALSE ""
100 1 0.25 4 7 0.994367226261561 0.0056327737384394 0.541193180150209 FALSE ""
250 1 0.5 1 8 1.03843268940208 0.038432689402075 0.52322074669805 FALSE ""
100 1 0.5 3 9 1.06723769340789 0.067237693407892 0.541219267915755 FALSE ""
100 0.5 1 4 10 0.666293362371711 0.166293362371711 0.297665391680122 FALSE ""
50 0.5 0.25 4 11 0.640681949057911 0.140681949057911 0.135372778654502 FALSE ""
50 1 0.5 5 12 0.915841550087286 0.0841584499127137 0.443532666053509 FALSE ""
250 1 0.25 5 13 0.950209699467942 0.0497903005320584 0.457327164958264 FALSE ""
250 0.5 0.25 2 14 0.61846960523624 0.11846960523624 0.265895670625033 FALSE ""
250 0 1 1 15 0.0586970946891792 0.0586970946891792 0.00398346435779283 FALSE ""
100 1 1 2 16 0.923311706503386 0.0766882934966144 0.458918661055588 FALSE ""
50 1 0.5 2 17 0.876250270433571 0.123749729566429 0.557572752794599 FALSE ""
100 1 0.25 5 18 1.00645512326417 0.0064551232641703 0.510078907694451 FALSE ""
50 1 0.25 2 19 0.964497431254879 0.0355025687451211 0.528206436562885 FALSE ""
250 0.5 0.5 3 20 0.457124873179583 0.0428751268204174 0.189510997448738 FALSE ""
250 0.5 0.5 1 21 0.451690562704766 0.0483094372952338 0.157656126881124 FALSE ""
250 0.5 1 1 22 0.421328527815495 0.0786714721845053 0.15080111718904 FALSE ""
100 1 0.25 1 23 0.983587804467001 0.0164121955329986 0.427416768983602 FALSE ""
50 1 0.5 3 24 1.09438418373422 0.0943841837342247 0.475052282791049 FALSE ""
250 0 1 3 25 -0.0693451327286216 0.0693451327286216 0.00459653143514666 FALSE ""
50 0 0.5 5 26 -0.114204892217771 0.114204892217771 0.0139610701508279 FALSE ""
100 0 0.25 4 27 -0.0294305015560985 0.0294305015560985 0.000904346149327705 FALSE ""
250 0.5 1 3 28 0.496760667673053 0.00323933232694695 0.222028306668429 FALSE ""
100 0.5 0.25 5 29 0.410512617492689 0.0894873825073114 0.109827194599074 FALSE ""
250 1 0.5 4 30 0.967593137619201 0.0324068623807995 0.466117555234051 FALSE ""
100 0 0.25 1 31 0.0765628857942668 0.0765628857942668 0.0040863287235662 FALSE ""
50 0 0.5 3 32 0.0432381804666693 0.0432381804666693 0.00168064743445179 FALSE ""
50 0 1 2 33 0.0634361809356876 0.0634361809356876 0.00362171232169445 FALSE ""
50 0.5 0.25 1 34 0.762899933210563 0.262899933210563 0.355156736651449 FALSE ""
50 0.5 0.5 5 35 0.651700145081336 0.151700145081336 0.308670834906188 FALSE ""
50 0.5 1 1 36 0.348866450220288 0.151133549779712 0.106223273159114 FALSE ""
100 0.5 0.25 4 37 0.528906998253844 0.0289069982538437 0.280099588379305 FALSE ""
100 0 1 4 38 0.131206067626909 0.131206067626909 0.0159491808795309 FALSE ""
250 0 0.25 5 39 0.0190460069038896 0.0190460069038896 0.000325072482275499 FALSE ""
250 1 1 1 40 0.911575481283871 0.0884245187161286 0.410148142254657 FALSE ""
50 0 0.5 1 41 -0.215107744411915 0.215107744411915 0.0428308847173462 FALSE ""
250 0 1 2 42 -0.041059341218352 0.041059341218352 0.00205362192730879 FALSE ""
250 0.5 0.5 4 43 0.484247106314266 0.0157528936857335 0.197200346816458 FALSE ""
50 1 0.25 5 44 0.809190294131567 0.190809705868433 0.388537345187418 FALSE ""
100 0.5 1 5 45 0.420210066819829 0.079789933180171 0.175130941005369 FALSE ""
250 1 1 2 46 1.06500446558091 0.0650044655809108 0.486606782840588 FALSE ""
250 0 0.5 2 47 -0.0811910068528455 0.0811910068528455 0.00644218541220186 FALSE ""
100 0 1 3 48 0.0200699444359299 0.0200699444359299 0.000673059433396019 FALSE ""
250 0 1 5 49 0.0739573915509251 0.0739573915509251 0.00652952382536193 FALSE ""
100 0.5 0.25 2 50 0.640663605864145 0.140663605864145 0.248492583797614 FALSE ""
100 1 1 4 51 1.13501300117107 0.135013001171069 0.631599120503951 FALSE ""
100 0 1 1 52 -0.000551436100013789 0.000551436100013789 2.95640533700768e-07 FALSE ""
100 0 0.5 1 53 0.116835285023176 0.116835285023176 0.0152618566099826 FALSE ""
50 0 0.5 2 54 -0.134571971086234 0.134571971086234 0.0215241690240653 FALSE ""
50 0.5 0.5 3 55 0.633527713732467 0.133527713732467 0.409488135941589 FALSE ""
250 0.5 1 2 56 0.419766445172235 0.080233554827765 0.160595698062831 FALSE ""
250 1 0.25 1 57 1.07939063200124 0.0793906320012421 0.529914436667681 FALSE ""
250 1 0.25 4 58 0.965731107941544 0.0342688920584558 0.489007264087609 FALSE ""
100 0 0.5 5 59 -0.0515330760097931 0.0515330760097931 0.00265773049852523 FALSE ""
50 1 1 1 60 0.997660500459988 0.00233949954001245 0.536591497886484 FALSE ""
250 0.5 0.25 3 61 0.485182321583727 0.014817678416273 0.190137665803136 FALSE ""
250 1 1 4 62 0.919030417549411 0.0809695824505886 0.437480372426027 FALSE ""
50 0.5 1 5 63 0.369975859143054 0.130024140856946 0.0839326311452792 FALSE ""
50 0 0.25 2 64 -0.141949351664273 0.141949351664273 0.0291522098758114 FALSE ""
250 0 0.5 3 65 -0.0222432235220554 0.0222432235220554 0.000545101294519857 FALSE ""
50 1 0.5 4 66 1.11624513693583 0.116245136935825 0.603277406425018 FALSE ""
100 1 0.5 2 67 1.00247637831442 0.00247637831442438 0.450469162884146 FALSE ""
50 1 0.25 3 68 1.03374805505066 0.0337480550506646 0.540690419440446 FALSE ""
50 0.5 1 3 69 0.363832799103842 0.136167200896158 0.12304144108619 FALSE ""
100 0.5 0.5 2 70 0.479679322831599 0.0203206771684007 0.186734880971949 FALSE ""
250 1 0.25 3 71 0.999171868745842 0.000828131254157927 0.475400240568417 FALSE ""
50 1 0.25 4 72 0.706081014146944 0.293918985853056 0.367243635954368 FALSE ""
50 0.5 0.25 3 73 0.571499255217579 0.0714992552175792 0.281711011437162 FALSE ""
50 0.5 0.5 2 74 0.328393576819804 0.171606423180196 0.0797248093050332 FALSE ""
50 0.5 0.25 5 75 0.472309572159987 0.0276904278400135 0.111834235482406 FALSE ""
50 0 0.5 4 76 0.235541804352032 0.235541804352032 0.0458163431464617 FALSE ""
250 0 0.5 1 77 -0.125744395603957 0.125744395603957 0.0152427378212893 FALSE ""
250 0 0.25 2 78 0.00888597445384444 0.00888597445384444 9.2429886544919e-05 FALSE ""
250 0.5 0.25 5 79 0.489976638224061 0.0100233617759389 0.18678751853901 FALSE ""
50 0 0.25 5 80 -0.0592458776587116 0.0592458776587116 0.00397616309265156 FALSE ""
250 0.5 0.5 5 81 0.46991774763593 0.0300822523640702 0.167610152981489 FALSE ""
50 0.5 0.5 4 82 0.622071095626065 0.122071095626065 0.349787741770831 FALSE ""
250 1 0.25 2 83 0.971504272510871 0.0284957274891293 0.445667483026241 FALSE ""
50 1 0.25 1 84 0.826262265481398 0.173737734518602 0.369761702007318 FALSE ""
100 0.5 0.25 1 85 0.483132454298484 0.0168675457015161 0.217724506911584 FALSE ""
100 0 1 2 86 0.149403462953602 0.149403462953602 0.021284682766595 FALSE ""
100 1 1 5 87 1.00720553889586 0.00720553889586295 0.485733413577058 FALSE ""
250 0 0.5 5 88 0.0895149696252367 0.0895149696252367 0.0091988280086596 FALSE ""
100 0 0.5 3 89 0.0147447707755426 0.0147447707755426 0.000153293819716644 FALSE ""
50 1 0.5 1 90 1.14858883312922 0.148588833129221 0.607955676903212 FALSE ""
50 1 1 2 91 0.930601292709587 0.0693987072904128 0.455228059988148 FALSE ""
250 1 0.5 3 92 1.02854186789178 0.0285418678917788 0.470307174178059 FALSE ""
250 0 0.25 4 93 -0.0865723955675966 0.0865723955675966 0.00618177732498102 FALSE ""
50 1 1 5 94 1.11210563071741 0.112105630717414 0.583802083036568 FALSE ""
250 1 1 5 95 0.961241728518058 0.0387582714819416 0.52084400968987 FALSE ""
250 1 0.5 2 96 0.957352168094064 0.0426478319059358 0.4521422400449 FALSE ""
50 1 1 3 97 1.11510553067051 0.115105530670512 0.496203330639867 FALSE ""
100 1 1 1 98 0.989497214684133 0.010502785315867 0.570937309614746 FALSE ""
50 0 1 3 99 -0.0207008578377313 0.0207008578377313 0.000228918337394992 FALSE ""
100 0.5 1 1 100 0.535826395212165 0.0358263952121651 0.271336886931357 FALSE ""
250 1 1 3 101 1.01122889671192 0.0112288967119165 0.471875327941319 FALSE ""
100 0.5 0.5 5 102 0.486584371430206 0.0134156285697942 0.176798846070599 FALSE ""
100 0 0.25 3 103 0.0561039246654895 0.0561039246654895 0.00392008054867542 FALSE ""
100 0 0.25 5 104 -0.0922966252007534 0.0922966252007534 0.00732746406533088 FALSE ""
250 0.5 1 4 105 0.441928607247229 0.0580713927527711 0.16054497027683 FALSE ""
250 0.5 0.25 4 106 0.423815863042555 0.076184136957445 0.180500839375915 FALSE ""
100 1 0.25 3 107 0.979879100057682 0.0201208999423176 0.467292876354961 FALSE ""
50 0 0.25 4 108 -0.151398950399733 0.151398950399733 0.0268512464543514 FALSE ""
250 0.5 0.25 1 109 0.441756095377689 0.0582439046223108 0.137413052881758 FALSE ""
50 0 1 1 110 -0.240509495376361 0.240509495376361 0.05854365035641 FALSE ""
250 0 0.5 4 111 -0.036646661876833 0.036646661876833 0.0013741821662122 FALSE ""
50 0.5 0.5 1 112 0.706716153684086 0.206716153684086 0.283255663734743 FALSE ""
100 1 0.5 5 113 1.14923481526115 0.149234815261153 0.563872613142959 FALSE ""
100 0 0.5 2 114 -0.156101936902578 0.156101936902578 0.0205693292694031 FALSE ""
100 0.5 0.5 4 115 0.45451321576587 0.0454867842341303 0.198843243068307 FALSE ""
250 1 0.5 5 116 1.04748645180065 0.0474864518006504 0.501854507200288 FALSE ""
100 0.5 1 3 117 0.608612115892724 0.108612115892724 0.296145727027843 FALSE ""
100 0 0.25 2 118 -0.0530760160641991 0.0530760160641991 0.00360421690760669 FALSE ""
250 0 0.25 1 119 -0.0536223776699329 0.0536223776699329 0.00289000840732548 FALSE ""
50 0.5 0.25 2 120 0.513163569957247 0.0131635699572469 0.21522622420266 FALSE ""
100 1 1 3 121 1.10116612921953 0.101166129219529 0.602576940422973 FALSE ""
100 0 1 5 122 0.0342069103188001 0.0342069103188001 0.0013832704920976 FALSE ""
50 0 0.25 3 123 0.0322692898910955 0.0322692898910955 0.00111924166923275 FALSE ""
250 0.5 0.5 2 124 0.501573270881959 0.00157327088195924 0.206588536037899 FALSE ""
100 0.5 0.5 1 125 0.496679102040785 0.00332089795921514 0.216724114710728 FALSE ""
250 0 1 4 126 0.0197017231478768 0.0197017231478768 0.000427547876492049 FALSE ""
50 1 1 4 127 0.949674771320877 0.0503252286791226 0.542817800481401 FALSE ""
100 0.5 0.5 3 128 0.419121526880934 0.0808784731190662 0.164199179566475 FALSE ""
100 1 0.25 2 129 0.955877320547649 0.0441226794523507 0.47109567770476 FALSE ""
50 0.5 1 4 130 0.430365941479335 0.0696340585206647 0.202340472481735 FALSE ""
50 0.5 1 2 131 0.574854378975095 0.0748543789750951 0.285297217835689 FALSE ""
50 0 0.25 1 132 0.0688530984148846 0.0688530984148846 0.00273374533691275 FALSE ""
50 0 1 4 133 -0.0634002056514698 0.0634002056514698 0.00459937335709505 FALSE ""
100 1 0.5 4 134 1.07619729811859 0.0761972981185928 0.452144368149102 FALSE ""
100 0.5 1 2 135 0.4317993708493 0.0682006291507003 0.172454699214082 FALSE ""
