"sampleSize" "beta" "sigma" "rep" "id" "betaEst" "bias" "Rsquared" "error" "errorMessage"
50 0.5 0.25 3 1 0.45685716522671 0.0431428347732896 0.181377681734301 FALSE ""
50 0.5 1 2 2 0.542756835418366 0.0427568354183657 0.172420639085958 FALSE ""
100 0.5 1 2 3 0.465760832449379 0.0342391675506213 0.180399286360581 FALSE ""
100 0.5 1 4 4 0.444883034158884 0.0551169658411159 0.192569821430933 FALSE ""
250 0.5 0.5 2 5 0.4555404679112 0.0444595320888003 0.163828281039058 FALSE ""
250 0.5 1 5 6 0.52738658853953 0.0273865885395302 0.22942950251714 FALSE ""
250 0.5 0.25 3 7 0.461198044391366 0.0388019556086338 0.217880323746738 FALSE ""
50 0 1 5 8 -0.133627149953518 0.133627149953518 0.0256960871063688 FALSE ""
100 0.5 0.25 5 9 0.608331975624935 0.108331975624935 0.288435389436152 FALSE ""
100 0 0.25 3 10 -0.0998282338746678 0.0998282338746678 0.0104802607115703 FALSE ""
100 0 0.25 2 11 0.114816616176857 0.114816616176857 0.0136347198856798 FALSE ""
100 1 1 2 12 0.976889743606457 0.0231102563935428 0.509535831512032 FALSE ""
100 0.5 0.5 3 13 0.564589524683824 0.0645895246838242 0.306094111388801 FALSE ""
250 1 1 4 14 1.00682106158434 0.00682106158433715 0.51093985936214 FALSE ""
50 1 0.25 2 15 0.880300138592323 0.119699861407677 0.381353518045829 FALSE ""
250 0.5 0.25 5 16 0.486291508136243 0.0137084918637575 0.161813215828153 FALSE ""
250 0 0.5 1 17 -0.0185700611489553 0.0185700611489553 0.000352814409183074 FALSE ""
250 1 1 2 18 1.17770445502576 0.177704455025761 0.578687801090911 FALSE ""
250 0 0.5 3 19 -0.000401550550280417 0.000401550550280417 1.52596088758315e-07 FALSE ""
250 0.5 1 1 20 0.530710600734021 0.030710600734021 0.22318477513935 FALSE ""
250 1 0.25 1 21 0.934903038849477 0.0650969611505234 0.428692027894658 FALSE ""
100 0 1 1 22 -0.0143383364535044 0.0143383364535044 0.0002083190075752 FALSE ""
100 1 1 3 23 1.082316596667 0.0823165966669963 0.521700695777145 FALSE ""
250 1 0.5 3 24 1.01866123856148 0.0186612385614835 0.523104602907343 FALSE ""
50 0.5 1 3 25 0.485359289936984 0.0146407100630163 0.218325312336362 FALSE ""
100 0.5 0.5 4 26 0.506460500041037 0.00646050004103704 0.165454907230626 FALSE ""
250 1 0.5 2 27 1.07835124158745 0.0783512415874494 0.636519377966139 FALSE ""
50 0.5 1 1 28 0.568595498661677 0.0685954986616766 0.261981128179795 FALSE ""
50 1 0.5 3 29 0.979265333023078 0.0207346669769218 0.528435773124304 FALSE ""
250 0 1 4 30 -0.084389937089776 0.084389937089776 0.00931020815853 FALSE ""
100 0.5 1 5 31 0.457554359563333 0.0424456404366675 0.228942419570249 FALSE ""
50 1 0.5 2 32 0.893026865173691 0.106973134826309 0.335655181009595 FALSE ""
100 0 0.25 1 33 0.177646966199705 0.177646966199705 0.0302917285380172 FALSE ""
250 0.5 0.5 5 34 0.414971988638498 0.085028011361502 0.139907829424957 FALSE ""
100 0 1 5 35 -0.0226869171332194 0.0226869171332194 0.000630824077859589 FALSE ""
100 0.5 1 3 36 0.585700631901551 0.0857006319015506 0.279777315134408 FALSE ""
250 0.5 0.5 3 37 0.633205817385068 0.133205817385068 0.291136590561135 FALSE ""
250 0.5 0.25 1 38 0.552376368808295 0.052376368808295 0.236106272382019 FALSE ""
100 0 0.25 5 39 0.00936240455957903 0.00936240455957903 9.33673245332875e-05 FALSE ""
100 0.5 0.25 4 40 0.412210326481473 0.0877896735185271 0.161520480297189 FALSE ""
50 1 0.25 1 41 1.03682071215934 0.036820712159336 0.43081996257995 FALSE ""
250 0.5 1 3 42 0.426063108576848 0.0739368914231523 0.133672906599168 FALSE ""
100 0 0.5 1 43 0.0874190167977684 0.0874190167977684 0.00661068184673916 FALSE ""
100 1 0.5 5 44 1.11689493526002 0.116894935260021 0.540143904474473 FALSE ""
250 0.5 0.25 4 45 0.539965646324703 0.0399656463247031 0.231458121611694 FALSE ""
50 0 0.25 3 46 -0.0288197820239438 0.0288197820239438 0.00076661512123544 FALSE ""
250 0 0.5 2 47 0.0478069895212988 0.0478069895212988 0.00260177005814014 FALSE ""
50 0 0.5 5 48 0.182109066719989 0.182109066719989 0.0323751400811376 FALSE ""
50 0.5 0.5 2 49 0.762553966875138 0.262553966875138 0.390767879906541 FALSE ""
50 0.5 0.25 4 50 0.566687366575098 0.0666873665750976 0.206463845053215 FALSE ""
250 0 0.25 4 51 0.0662352224699656 0.0662352224699656 0.00389537154047249 FALSE ""
100 0 1 2 52 0.0443521068793101 0.0443521068793101 0.00145988854717172 FALSE ""
250 1 1 1 53 0.960494509789144 0.039505490210856 0.543124831188437 FALSE ""
50 0.5 0.25 5 54 0.523590430129441 0.0235904301294408 0.248789454610501 FALSE ""
50 0 1 1 55 -0.106575894287123 0.106575894287123 0.0164389884593855 FALSE ""
250 0 0.25 5 56 -0.0558269344255241 0.0558269344255241 0.00307603135438075 FALSE ""
250 0.5 1 4 57 0.388447728687536 0.111552271312464 0.135236473660402 FALSE ""
100 1 0.5 4 58 0.981150362093727 0.0188496379062733 0.452205729999715 FALSE ""
50 0.5 0.25 2 59 0.404974142152616 0.0950258578473837 0.103703556431024 FALSE ""
100 0 0.5 5 60 -0.0624450947007588 0.0624450947007588 0.00286029370244976 FALSE ""
50 0 0.5 1 61 0.365822997474992 0.365822997474992 0.13332673854456 FALSE ""
250 0 0.5 5 62 -0.0297926088318824 0.0297926088318824 0.00113846100446932 FALSE ""
100 1 1 5 63 1.21565966071099 0.215659660710992 0.590949956088604 FALSE ""
100 0.5 0.25 1 64 0.49924608881457 0.000753911185430445 0.199224852615301 FALSE ""
100 0 0.5 2 65 0.107237278406971 0.107237278406971 0.00838379349612491 FALSE ""
50 0 1 4 66 -0.109908299346442 0.109908299346442 0.012569716722367 FALSE ""
100 1 0.25 3 67 1.02282075421233 0.0228207542123253 0.583646598230311 FALSE ""
50 0 1 2 68 -0.139813024322705 0.139813024322705 0.0101480145709323 FALSE ""
50 0 0.25 4 69 0.088030408020398 0.088030408020398 0.00799722319893425 FALSE ""
100 1 0.25 4 70 0.904663276632044 0.0953367233679562 0.436951799955124 FALSE ""
100 1 0.5 1 71 0.815695079577778 0.184304920422222 0.394081225150945 FALSE ""
100 0.5 0.5 1 72 0.36739897881372 0.13260102118628 0.103084826734294 FALSE ""
100 1 0.25 5 73 0.8980034994366 0.1019965005634 0.56809646368519 FALSE ""
100 0.5 0.25 2 74 0.561268659912772 0.0612686599127719 0.278888835849168 FALSE ""
100 1 1 4 75 0.879141308339738 0.120858691660262 0.346823694744858 FALSE ""
50 1 1 5 76 1.13535291511808 0.135352915118076 0.45304480612248 FALSE ""
50 0 0.5 3 77 -0.120730544825933 0.120730544825933 0.0167051514110786 FALSE ""
100 0 0.5 4 78 0.109194658156078 0.109194658156078 0.0147317745947122 FALSE ""
100 1 0.25 2 79 1.04703699765416 0.0470369976541629 0.630737759650713 FALSE ""
50 1 1 3 80 1.11346540992805 0.113465409928051 0.619565928399776 FALSE ""
50 1 0.5 1 81 1.14334418557795 0.14334418557795 0.594602542701832 FALSE ""
100 1 0.5 3 82 1.04331045657953 0.0433104565795253 0.519466803890327 FALSE ""
250 0 1 1 83 -0.021210690514588 0.021210690514588 0.000354017927383255 FALSE ""
50 0.5 0.5 4 84 0.752928560853793 0.252928560853793 0.270184475822495 FALSE ""
50 0.5 0.5 3 85 0.552828357565841 0.0528283575658407 0.235263277062767 FALSE ""
100 0.5 0.5 2 86 0.643228747425142 0.143228747425142 0.216811874479752 FALSE ""
50 1 1 2 87 0.926407348640227 0.0735926513597733 0.570669633511186 FALSE ""
50 0.5 0.5 1 88 0.457479878246978 0.0425201217530225 0.169898385200138 FALSE ""
250 1 0.25 3 89 1.00118101851234 0.00118101851233732 0.46000730965929 FALSE ""
250 1 0.25 5 90 1.00445191564157 0.00445191564156722 0.493018818358227 FALSE ""
250 0 1 3 91 0.132434439483336 0.132434439483336 0.0176205173120312 FALSE ""
250 1 0.5 4 92 1.06579923472425 0.0657992347242538 0.503309173088873 FALSE ""
250 0 1 2 93 -0.0609668269482355 0.0609668269482355 0.00373186902082606 FALSE ""
250 0 0.25 3 94 0.0993405105782173 0.0993405105782173 0.0077378935693142 FALSE ""
250 0 0.5 4 95 -0.0341120501009769 0.0341120501009769 0.00133584968530165 FALSE ""
100 1 0.5 2 96 0.971227248972558 0.0287727510274416 0.406183447604855 FALSE ""
50 0.5 1 5 97 0.435621831141484 0.0643781688585164 0.130333841340395 FALSE ""
250 0 0.25 1 98 -0.0775540113159521 0.0775540113159521 0.00648217696892345 FALSE ""
50 0 0.25 5 99 -0.0393120616789894 0.0393120616789894 0.000835277720666067 FALSE ""
50 0.5 0.25 1 100 0.35599827548545 0.14400172451455 0.0869232686224698 FALSE ""
250 0.5 0.25 2 101 0.439630177750895 0.0603698222491055 0.206240948557007 FALSE ""
100 0 1 4 102 0.122764130853375 0.122764130853375 0.0161426967867929 FALSE ""
50 0 1 3 103 0.0947068616574641 0.0947068616574641 0.0121032424245073 FALSE ""
50 0.5 1 4 104 0.670692813010426 0.170692813010426 0.311941462597069 FALSE ""
250 1 0.25 4 105 0.917450614447808 0.0825493855521925 0.454587273853292 FALSE ""
250 1 0.5 1 106 1.10609381595623 0.106093815956226 0.564110284903343 FALSE ""
50 0 0.25 2 107 0.29878239335859 0.29878239335859 0.055069879042797 FALSE ""
50 1 1 1 108 1.05038014204036 0.0503801420403611 0.635559432938179 FALSE ""
100 0 0.5 3 109 0.0207448175824155 0.0207448175824155 0.000494297200870515 FALSE ""
50 0 0.5 2 110 -0.142881687213455 0.142881687213455 0.0207585198347347 FALSE ""
50 1 0.25 3 111 1.06458439878641 0.0645843987864099 0.462747929336504 FALSE ""
250 0.5 1 2 112 0.432995628183375 0.0670043718166255 0.171040502120828 FALSE ""
50 0 0.25 1 113 -0.223032379012241 0.223032379012241 0.0343533363908732 FALSE ""
50 1 0.25 4 114 1.08318494473747 0.0831849447374748 0.569258745649579 FALSE ""
100 0 0.25 4 115 -0.213660069697602 0.213660069697602 0.0343694847772135 FALSE ""
100 1 0.25 1 116 1.06693855517844 0.066938555178442 0.55900997159136 FALSE ""
100 0.5 0.5 5 117 0.533786533137154 0.0337865331371542 0.295252041021319 FALSE ""
50 0.5 0.5 5 118 0.727040884138949 0.227040884138949 0.371155521868579 FALSE ""
250 1 0.5 5 119 0.989184322834462 0.0108156771655378 0.442921193250619 FALSE ""
250 0 0.25 2 120 -0.119419440766677 0.119419440766677 0.014376025160339 FALSE ""
50 1 0.5 5 121 0.918347772022883 0.0816522279771175 0.441482877885705 FALSE ""
50 1 1 4 122 1.34751836167809 0.347518361678088 0.566901266159101 FALSE ""
250 0.5 0.5 4 123 0.574595388801567 0.074595388801567 0.237664889632407 FALSE ""
250 0 1 5 124 0.136083238021324 0.136083238021324 0.0236493555920885 FALSE ""
100 0.5 1 1 125 0.433848783325562 0.0661512166744384 0.165600807788842 FALSE ""
50 0 0.5 4 126 -0.0164033266327166 0.0164033266327166 0.000193665597936498 FALSE ""
100 0 1 3 127 -0.0147329558931156 0.0147329558931156 0.000226530765605613 FALSE ""
250 1 0.25 2 128 0.978088523723781 0.0219114762762188 0.45058653791509 FALSE ""
250 1 1 3 129 1.06757667623988 0.0675766762398782 0.533595975276611 FALSE ""
50 1 0.5 4 130 1.09030506807659 0.0903050680765902 0.565248040766153 FALSE ""
100 0.5 0.25 3 131 0.471014675709207 0.0289853242907929 0.244591812595709 FALSE ""
250 1 1 5 132 0.911723143202672 0.088276856797328 0.481379845401268 FALSE ""
250 0.5 0.5 1 133 0.591556335349686 0.0915563353496864 0.225573917272086 FALSE ""
100 1 1 1 134 0.960705669343244 0.0392943306567558 0.498244539822703 FALSE ""
50 1 0.25 5 135 1.2123238950218 0.212323895021799 0.626467563221469 FALSE ""
